0.259488864510258
0.259337427013843
0.259270154583734
0.259339795956598
0.259261977925509
0.259048974169878
0.258955371331015
0.258920210713983
0.258918571435666
0.258770716894693
0.258729165488419
0.258889896515935
0.258919767653091
0.259063330188498
0.259087096200275
0.259104221466931
0.258926974859718
0.259063376702844
0.259174727818695
0.259216355339353
0.259352018423245
0.259445833630637
0.259352647071679
0.259393698096351
0.259499251363412
0.259705199503543
0.259698449755106
0.25973326832725
0.259702070356627
0.259813308240586
0.259598652990749
0.259581201183987
0.259526201023763
0.259476410000454
0.259682781468118
0.259360188973524
0.259346400523895
0.259097201559413
0.259092281375254
0.259052333069473
0.259269625071936
0.259311169430581
0.259404520434197
0.259560450147549
0.259767679076643
0.259834192712117
0.25993508843663
0.260161287231597
0.260094335703491
0.260149827318321
0.260053734317498
0.26003411841904
0.25997880675365
0.259878508365966
0.260431596661554
0.261635173689261
0.263153774058888
0.263625760296451
0.263294446127054
0.262883691562559
0.262674106376441
0.26233418329429
0.262055881853968
0.26165999261669
0.261214482908704
0.26103862626157
0.260913376283248
0.260812084951873
0.260928456798046
0.260697550187448
0.260388314659839
0.260202259322833
0.260192377608429
0.25984282652649
0.259691069948709
0.259588143567594
0.259421820951874
0.259138638324268
0.259036215143806
0.258830298483081
0.258442466094348
0.25847997451125
0.258321509531118
0.258023071607535
0.257775454600662
0.257484868204723
0.257315572429591
0.257345402690503
0.257187421647506
0.257098521456012
0.256702482809016
0.256701690185766
0.256580709190758
0.256447916370906
0.256492078688502
0.256438701362129
0.256133507984887
